 <pre>

 Contingency table for Cloud cover (octas)
 Selection: ALL    417 stations
Period: 20230214-20230331
Used {00,03,...,21} + 03 06 ... 36
 Limits   0.500000000       1.50000000       2.50000000       3.50000000       4.50000000       5.50000000       6.50000000       7.50000000    
 Each class is data <= limit, the very last > last limit
 Total number of values      471370
                                                       OBSERVATION
                                  27565     5403     5486     2631     1280     1727     2337     1634     4466 |     52529
                                   5385     1535     1927     1416      775     1110     1571     1460     3438 |     18617
                                   2848      901     1279      894      529      848     1310     1275     2910 |     12794
                                   2121      707     1039      748      485      770     1255     1319     2976 |     11420
                      Standard     1907      592      970      742      451      799     1291     1388     3324 |     11464
                                   1774      608      944      815      483      903     1427     1729     4177 |     12860
                                   1848      626     1070      904      587      999     1833     2265     5779 |     15911
                                   2643      901     1457     1250      869     1478     3093     4140    11782 |     27613
                                   8571     3014     4285     4411     3356     7024    15490    45527   216484 |    308162

                    SUM           54662    14287    18457    13811     8815    15658    29607    60737   255336 |    471370
                                                       OBSERVATION
                                  27552     5423     5461     2675     1267     1713     2368     1685     4550 |     52694
                                   5359     1480     1949     1352      762     1130     1587     1472     3326 |     18417
                                   2835      902     1261      877      551      884     1265     1258     2980 |     12813
                                   2206      712     1067      743      481      772     1255     1301     2904 |     11441
                   Blacklisted     1874      622      988      797      466      793     1288     1488     3334 |     11650
                                   1759      607      999      795      510      892     1432     1629     4148 |     12771
                                   1846      637     1012      897      575     1017     1862     2259     5806 |     15911
                                   2662      876     1425     1245      814     1518     3126     4120    11633 |     27419
                                   8569     3028     4295     4430     3389     6939    15424    45525   216655 |    308254

                    SUM           54662    14287    18457    13811     8815    15658    29607    60737   255336 |    471370

